 Class           Number of Instances 

        6                       2198
        5                       1457
        7                       880
        8                       175
        4                       163
        3                       20
        9                       5
Training Phase 1

        ### Training Decision Tree Classifier ### 

[6 5 6 5 5 6 5 6 5 6 6 5 5 7 6 6 5 7 6 5 7 6 6 5 5 5 5 6 6 7 5 5 6 5 5 7 5
 6 6 6 5 5 5 5 5 5 5 5 5 5 5 6 6 6 5 5 5 5 6 5 5 5 5 6 6 5 7 5 6 5 5 5 5 5
 6 5 7 6 5 5 6 6 5 5 5 5 5 5 5 5 5 5 7 7 6 5 6 6 5 6 5 5 5 6 5 6 5 6 6 5 5
 5 5 5 5 5 6 6 5 5 6 5 5 5 5 6 6 5 5 5 5 5 5 5 5 5 6 5 6 6 6 5 6 5 6 6 6 5
 6 5 6 5 5 6 5 5 5 7 7 7 7 6 5 5 5 5 5 7 5 5 7 6 6 6 5 6 7 6 5 5 5 5 6 5 5
 5 5 6 7 5 5 6 6 5 5 5 5 5 5 5 5 5 5 6 6 5 5 5 5 5 5 6 5 5 6 5 6 5 6 6 6 5
 6 5 6 6 5 5 5 6 5 5 5 5 5 5 5 5 6 6 5 6 6 5 5 5 7 6 6 5 5 5 5 6 5 5 6 6 6
 6 6 6 5 5 6 6 5 5 5 5 5 5 6 5 5 5 5 5 5 6 7 7 5 5 5 5 5 5 5 5 5 6 5 5 5 5
 5 5 5 6 6 5 6 6 5 5 5 5 6 6 6 7 5 5 5 5 6 6 6 5 5 6 6 6 5 5 5 5 5 6 7 6 6
 5 5 6 6 5 5 6 5 5 5 5 5 5 6 6 6 5 6 6 5 6 5 5 5 5 6 6 6 5 5 5 6 7 6 5 5 6
 5 5 5 5 6 6 5 5 5 5 5 5 5 5 6 6 6 5 5 5 5 5 6 7 5 5 6 6 6 6 6 5 5 5 7 5 7
 5 6 6 6 6 6 6 6 6 5 5 5 6 7 5 5 5 6 5 5 5 5 5 5 5 5 5 7 7 5 5 5 5 6 6 7 5
 6 6 7 6 6 6 5 6 6 6 6 6 6 5 5 5 5 6 5 5 5 5 5 5 5 5 5 5 7 5 5 5 7 6 5 6 5
 6 6 5 5 5 5 6 5 5 6 6 5 6 6 5 5 7 5 5 5 6 5 5 5 5 5 5 6 5 5 6 6 6 6 6 5 6
 6 6 5 5 6 6 6 5 6 7 7 6 5 5 5 5 5 6 6 5 6 5 5 5 5 5 6 5 5 6 6 5 6 6 7 6 7
 6 5 5 5 7 5 6 5 5 5 5 6 5 5 5 5 6 5 7 6 5 5 7 6 7 5 5 6 5 6 5 5 6 6 5 5 6
 5 5 5 5 5 6 6 6 5 6 5 5 5 5 5 5 6 5 7 6 5 5 5 5 6 5 5 5 5 5 6 6 5 6 5 5 5
 6 6 6 5 5 6 6 6 5 5 5 6 5 5 5 5 5 5 5 5 5 5 5 5 5 6 7 6 5 5 5 5 7 5 5 5 5
 5 5 5 5 5 6 7 5 5 5 5 6 6 6 5 5 5 5 5 5 6 5 5 6 6 5 5 5 5 5 6 5 5 5 5 7 6
 6 6 6 5 6 6 5 5 7 7 5 5 6 5 6 6 6 5 5 6 7 6 6 6 5 6 5 6 5 6 5 5 5 5 5 6 5
 6 6 5 5 7 5 5 5 5 5 6 6 5 5 7 5 5 5 5 5 5 5 6 5 6 5 6 5 5 5 5 5 6 6 7 6 5
 5 6 6 5 5 6 5 5 5 5 5 5 5 6 5 6 5 5 5 5 5 6 5 5 5 5 5 5 5 5 5 5 5 5 5 6 5
 5 6 5 5 5 5 5 5 6 5 6 6 6 6 6 7 7 6 7 5 5 5 6 6 6 6 6 6 6 6 5 6 6 6 6 5 5
 5 6 6 6 5 5 6 5 5 7 5 7 5 6 5 6 5 5 6 5 5 6 5 6 5 5 6 6 5 7 5 6 5 6 5 6 5
 7 6 5 5 5 6 5 6 6 5 5 5 6 5 5 5 5 5 5 5 5 6 6 6 6 5 5 5 5 5 5 5 6 5 5 5 5
 5 7 5 6 5 5 5 6 6 5 5 5 6 5 5 6 6 6 6 5 6 6 6 6 6 6 5 6 5 5 5 6 5 6 6 6 6
 6 6 5 5 5 5 6 6 5 5 5 6 7 5 6 6 6 5]
[[0.         0.02074689 0.34854772 ... 0.17842324 0.03319502 0.        ]
 [0.01223242 0.13455657 0.50764526 ... 0.02140673 0.01223242 0.        ]
 [0.00165289 0.0214876  0.23966942 ... 0.17520661 0.01157025 0.        ]
 ...
 [0.00165289 0.0214876  0.23966942 ... 0.17520661 0.01157025 0.        ]
 [0.00165289 0.0214876  0.23966942 ... 0.17520661 0.01157025 0.        ]
 [0.00196078 0.0254902  0.48823529 ... 0.02745098 0.00588235 0.        ]]
Training Phase 2

        ### Training Decision Tree Classifier ### 

[5 6 5 6 5 6 5 5 5 5 5 5 5 5 5 5 6 5 5 5 6 5 5 6 6 6 6 6 6 6 5 5 6 5 6 6 6
 5 5 5 5 5 5 5 5 6 5 5 6 5 5 6 5 6 6 6 5 6 5 5 6 5 5 6 6 6 6 5 6 6 6 5 5 5
 6 6 5 6 5 5 6 5 5 5 5 6 5 6 6 5 6 6 5 6 5 6 5 5 5 5 5 5 6 5 6 6 5 6 5 5 6
 6 5 6 6 6 6 6 5 6 6 5 5 6 6 6 6 5 6 6 5 6 5 6 5 5 5 5 5 6 6 5 6 5 6 6 5 6
 5 5 5 6 6 5 6 6 5 6 6 6 5 6 6 5 6 5 6 5 5 5 5 6 5 5 5 5 5 5 5 5 6 5 6 6 5
 6 6 5 6 5 5 6 5 5 5 5 5 5 5 6 6 6 6 5 5 6 6 5 5 6 5 5 5 5 6 5 5 6 6 6 5 5
 5 5 5 5 6 6 6 5 6 5 5 5 6 5 6 6 6 6 6 5 6 6 6 6 6 6 5 6 6 6 6 5 6 6 6 5 5
 5 6 6 6 5 5 6 6 5 5 5 5 6 5 6 5 5 5 5 5 5 5 5 6 6 6 5 5 5 5 6 5 6 5 5 5 5
 5 6 6 6 5 6 6 6 6 6 6 6 5 5 6 5 5 5 6 6 6 6 5 6 5 5 5 6 6 5 6 6 6 6 5 5 5
 5 6 5 6 5 5 6 6 6 5 6 5 5 6 5 5 5 5 6 6 5 6 5 5 6 6 6 6 5 6 6 6 6 6 6 6 6
 5 5 5 6 5 5 6 6 6 5 6 5 6 6 6 5 5 5 6 6 5 5 6 6 5 5 6 5 6 6 5 6 5 5 6 6 6
 5 6 6 6 5 6 6 6 5 5 6 5 5 6 6 5 5 6 6 5 6 6 6 6 6 6 5 6 6 6 6 6 5 5 6 6 6
 6 6 5 5 5 6 6 6 5 5 6 5 5 5 6 5 6 6 6 6 6 6 6 6 5 6 6 5 5 6 6 6 6 6 5 6 5
 6 5 6 6 5 5 6 6 5 6 5 6 5 5 6 6 6 6 5 5 6 5 5 5 5 6 5 5 6 6 6 5 6 6 6 6 5
 5 6 6 5 6 5 5 6 5 6 6 6 6 6 6 5 6 5 5 5 6 5 5 5 6 6 6 5 5 6 6 6 5 6 5 6 5
 6 5 5 6 6 5 6 6 6 6 6 6 5 6 6 6 6 5 6 5 6 6 5 6 6 5 6 5 6 5 6 5 5 5 6 6 5
 5 6 5 5 5 6 6 5 5 5 5 5 5 6 6 5 6 5 5 5 6 5 6 6 5 5 6 5 5 6 5 5 5 6 6 6 6
 6 6 5 5 5 6 6 5 5 5 6 5 5 5 6 5 5 6 6 6 5 6 6 5 5 6 6 6 5 6 5 6 6 6 6 5 6
 5 5 5 6 5 6 5 5 5 5 6 5 6 5 6 6 5 5 6 5 5 5 5 6 6 5 6 5 6 5 5 5 5 6 5 6 5
 6 5 5 6 5 6 6 6 6 5 5 5 6 6 5 5 5 6 5 6 5 6 6 6 5 5 6 6 6 5 6 5 5 6 6 5 6
 6 5 6 5 5 6 5 6 5 5 5 5 6 5 6 6 5 6 5 6 6 5 5 5 6 5 5 6 6 5 5 5 5 5 6 6 6
 5 6 6 6 6 5 5 5 6 6 6 6 6 6 6 6 5 5 6 5 5 5 6 5 5 5 5 5 5 5 5 5 5 5 5 5 5
 6 6 6 6 6 6 6 6 6 6 5 5 6 5 5 5 6 6 6 6 6 5 5 5 6 5 5 5 6 5 6 6 5 5 5 5 6
 6 6 6 6 5 5 5 5 5 5 5 6 5 6 6 5 6 6 6 5 5 5 5 6 5 5 6 5 5 5 5 5 5 6 5 5 5
 5 6 5 5 5 5 5 5 5 5 6 6 5 6 5 6 5 5 6 6 6 5 5 6 6 5 6 6 5 6 5 5 6 5 5 5 6
 6 6 5 6 6 5 6 6 5 6 5 5 5 5 5 6 6 6 5 5 6 5 5 6 5 6 5 5 5 5 5 5 6 6 5 5 5
 6 6 6 6 6 6 6 5 6 5 5 6 6 6 5 5 6 6]
[[0.01570681 0.23036649 0.38219895 ... 0.05759162 0.0104712  0.        ]
 [0.00155763 0.00934579 0.07943925 ... 0.36682243 0.07398754 0.00233645]
 [0.01570681 0.23036649 0.38219895 ... 0.05759162 0.0104712  0.        ]
 ...
 [0.00309119 0.01700155 0.46676971 ... 0.0618238  0.02318393 0.        ]
 [0.00155763 0.00934579 0.07943925 ... 0.36682243 0.07398754 0.00233645]
 [0.         0.02954899 0.24572317 ... 0.155521   0.0155521  0.00155521]]
Training Phase 3

        ### Training Decision Tree Classifier ### 

[6 6 5 6 5 5 5 5 5 5 6 6 6 6 5 6 6 5 5 5 5 6 5 5 6 6 5 6 5 5 5 5 5 5 5 6 5
 5 5 5 5 6 5 5 5 6 6 6 6 6 5 5 5 5 5 5 5 6 5 5 5 6 6 5 6 5 6 6 6 6 6 5 6 5
 5 5 5 5 5 5 6 5 6 5 6 5 6 5 6 6 6 6 6 6 6 5 5 5 6 6 6 5 6 6 6 6 6 5 6 5 5
 5 6 5 5 6 5 5 5 6 5 6 6 5 6 6 6 5 5 6 6 6 6 5 6 5 6 6 6 5 6 6 5 5 6 5 5 6
 6 6 6 5 6 6 6 6 5 6 6 5 6 6 5 5 5 6 6 6 5 5 6 6 5 6 5 6 5 6 6 5 6 6 5 6 6
 5 6 6 6 5 6 5 5 6 6 6 6 6 6 6 6 6 5 5 5 5 5 5 5 5 5 5 5 5 6 5 6 6 6 6 6 6
 6 5 5 6 6 6 6 6 6 6 5 6 6 5 5 5 6 5 5 5 5 6 6 6 6 6 6 6 6 6 5 5 6 5 6 6 5
 6 5 6 5 5 5 6 6 6 6 5 5 6 5 5 5 6 5 5 5 5 5 5 6 5 6 5 5 5 6 5 5 5 6 6 6 5
 6 5 6 6 5 6 5 5 6 6 5 6 5 6 5 6 5 5 6 5 6 6 5 5 5 5 5 6 6 5 6 6 6 5 6 6 6
 5 5 6 6 6 6 5 6 5 6 5 5 6 5 5 6 6 6 6 6 6 6 5 6 6 5 6 6 5 5 6 5 6 5 5 5 5
 6 5 6 5 5 5 6 5 5 6 6 6 5 5 6 6 5 5 5 6 6 6 6 6 6 5 5 6 5 6 5 5 6 5 5 5 6
 6 5 6 6 6 6 6 5 5 5 6 5 6 5 5 5 5 6 6 6 5 6 6 5 5 5 6 6 5 5 5 6 6 5 6 6 5
 5 5 6 5 5 6 5 6 5 5 5 5 5 6 5 6 5 5 5 5 5 5 5 6 5 6 5 6 5 5 5 5 5 6 6 5 5
 5 6 6 5 5 5 5 5 6 6 5 5 5 6 5 5 6 6 6 5 6 5 6 5 6 6 5 5 5 6 5 5 5 5 5 6 6
 6 5 5 5 5 6 5 6 6 6 6 5 5 5 5 6 5 5 5 5 6 5 6 6 5 5 6 5 5 6 5 6 5 5 6 6 6
 5 5 6 6 5 5 6 6 6 5 5 5 5 6 6 5 6 5 5 6 5 5 6 6 6 5 6 6 5 5 6 5 5 5 5 6 6
 5 6 6 6 5 5 6 5 5 5 6 6 5 5 5 5 5 5 5 5 5 6 6 6 6 6 5 5 6 5 5 6 5 6 6 6 6
 5 5 5 6 5 5 6 6 6 6 6 6 6 6 6 6 6 6 6 5 6 6 5 6 6 6 5 5 5 6 5 6 6 6 5 6 5
 6 5 6 6 5 6 5 6 6 5 6 6 6 6 6 6 6 6 6 6 6 6 6 6 6 6 6 6 6 6 6 6 6 5 6 6 6
 5 5 6 6 5 5 5 5 5 5 5 6 5 6 6 6 6 6 6 6 5 6 6 6 5 6 6 6 6 5 5 5 6 6 6 6 6
 6 6 6 6 5 6 6 6 6 6 5 6 6 6 5 6 6 6 6 6 6 6 6 6 5 5 5 6 5 6 5 6 6 6 5 6 5
 6 5 6 6 6 6 6 6 6 6 5 5 5 6 6 5 6 6 5 5 6 5 6 6 5 6 6 5 5 6 6 6 6 6 6 6 6
 6 6 6 6 6 6 6 6 6 6 6 6 6 6 6 6 6 6 6 6 6 6 6 6 6 6 6 6 6 6 6 6 6 6 6 6 6
 5 5 6 6 6 6 6 6 6 6 5 6 6 6 6 6 5 6 6 6 6 6 6 6 6 6 6 5 6 6 6 6 6 6 6 6 6
 6 5 6 6 6 6 6 6 6 6 6 6 6 6 6 6 6 6 6 6 6 6 6 6 6 5 6 6 6 5 6 6 6 6 6 5 6
 5 6 6 5 5 5 6 5 5 5 6 5 6 6 6 6 6 6 6 6 6 6 6 6 6 6 6 5 6 5 5 6 5 6 6 5 6
 6 6 6 5 6 6 6 6 6 6 6 6 5 6 6 6 5 6]
[[0.         0.00221239 0.02433628 ... 0.40929204 0.14823009 0.00663717]
 [0.00510204 0.01020408 0.12755102 ... 0.20918367 0.08163265 0.        ]
 [0.00826446 0.14600551 0.46280992 ... 0.0523416  0.00826446 0.        ]
 ...
 [0.         0.02274795 0.33121019 ... 0.13284804 0.02183803 0.00090992]
 [0.00645161 0.02857143 0.46728111 ... 0.07281106 0.00092166 0.        ]
 [0.00187617 0.00750469 0.11257036 ... 0.34521576 0.0412758  0.        ]]
Training Phase 4

        ### Training Decision Tree Classifier ### 

[7 5 5 5 6 5 6 5 6 6 6 5 5 5 5 6 5 6 5 6 4 6 6 6 5 5 5 5 5 6 6 5 5 6 6 6 6
 5 5 6 5 5 6 6 5 5 5 6 6 5 5 5 6 6 6 6 6 6 6 5 5 5 5 6 6 5 5 6 6 6 6 6 6 6
 5 6 6 6 5 6 6 6 5 6 5 6 5 6 6 6 6 5 6 5 5 5 5 5 6 6 6 6 5 6 6 5 6 5 5 6 5
 6 5 5 6 6 5 5 6 6 5 5 5 5 6 5 5 6 7 6 6 5 4 6 6 5 6 5 6 6 6 6 6 6 6 5 6 6
 5 3 5 5 6 6 6 5 5 5 7 5 5 5 6 6 7 6 6 6 6 6 5 7 6 5 7 7 5 6 6 6 6 6 7 6 6
 6 6 5 6 6 6 6 6 5 6 6 6 6 6 5 6 6 6 6 6 6 6 6 6 6 6 6 7 7 6 6 6 7 6 6 6 6
 7 6 6 7 7 6 6 6 6 7 7 7 6 6 6 6 6 7 6 6 7 6 6 5 7 6 6 7 6 6 6 6 6 6 7 6 6
 6 7 7 6 5 6 6 6 6 6 6 6 6 6 6 6 6 6 5 7 6 6 6 6 6 7 6 5 5 6 6 6 6 6 6 6 7
 6 6 7 6 6 6 7 6 6 6 6 6 6 6 5 7 6 6 5 5 5 5 5 5 6 5 7 5 6 6 6 6 5 6 6 6 6
 6 6 6 6 5 6 6 6 6 6 7 6 6 6 6 5 6 6 5 6 5 5 5 5 6 7 6 6 6 7 7 7 7 5 7 7 6
 7 6 5 6 6 6 6 6 6 6 7 6 6 7 5 5 6 6 5 6 6 6 6 5 5 5 6 6 6 6 6 5 5 5 5 6 6
 6 6 7 7 6 6 6 6 6 7 6 6 6 6 7 6 6 7 7 6 6 7 7 6 7 6 6 6 6 7 5 7 6 7 6 5 6
 7 5 6 6 7 7 7 7 5 5 6 5 5 6 5 6 5 6 6 5 6 5 5 6 6 6 5 6 6 5 6 5 6 6 7 6 6
 6 6 6 6 6 6 6 6 6 7 6 6 6 6 5 6 6 6 6 6 5 7 5 6 7 7 6 6 5 6 7 7 6 6 6 6 6
 6 7 7 6 7 7 5 6 6 6 6 6 7 5 5 6 6 5 7 6 6 6 6 5 6 6 6 6 6 6 6 6 6 5 7 6 6
 5 6 6 6 6 7 5 5 6 6 6 6 6 6 6 7 6 7 5 6 5 5 6 6 4 6 6 7 5 5 6 6 5 5 6 6 7
 6 6 6 6 6 6 5 6 5 6 6 6 6 6 6 6 6 6 6 6 6 6 6 6 6 6 6 6 6 6 6 6 5 6 6 6 6
 6 6 6 6 6 6 6 5 6 6 6 6 6 6 6 6 6 6 6 7 6 6 6 5 6 6 6 7 7 6 6 6 6 6 6 6 6
 6 6 6 5 6 6 6 6 6 6 6 6 5 6 5 5 6 6 6 6 6 6 7 6 6 7 6 6 6 6 6 6 6 6 7 6 7
 5 5 5 5 5 6 6 6 6 6 6 6 7 6 7 6 6 6 6 6 5 5 5 6 5 7 5 5 6 6 6 6 5 7 5 6 6
 5 6 5 6 6 5 5 5 5 6 7 5 6 6 5 6 5 5 6 6 6 5 6 6 6 6 6 6 6 6 6 5 5 6 5 7 6
 7 6 5 6 6 6 6 6 6 6 5 6 6 5 5 5 6 5 5 5 6 6 6 6 5 5 5 6 5 6 6 7 5 7 7 7 5
 6 6 5 6 5 5 5 5 5 5 6 6 6 6 6 5 6 6 5 6 6 5 5 6 5 5 5 5 6 6 6 6 6 6 6 6 6
 6 6 6 6 6 6 7 7 6 6 6 6 6 6 6 6 7 6 6 6 7 6 5 5 7 6 5 6 6 5 6 6 7 6 6 7 6
 6 6 6 6 6 5 6 6 6 7 6 6 7 7 6 6 6 7 6 5 6 6 6 6 6 6 7 6 6 6 6 6 6 5 6 6 5
 5 6 5 6 6 6 5 6 6 5 6 6 6 6 6 6 6 6 6 6 6 6 5 6 5 6 6 7 6 7 6 6 6 6 6 6 6
 6 6 6 6 6 6 6 6 6 6 6 6 6 6 6 6 6]
[[0.         0.         0.         ... 0.47511312 0.15837104 0.00452489]
 [0.00613497 0.11349693 0.50306748 ... 0.0398773  0.01226994 0.        ]
 [0.00613497 0.11349693 0.50306748 ... 0.0398773  0.01226994 0.        ]
 ...
 [0.         0.0037594  0.29323308 ... 0.13909774 0.03759398 0.0037594 ]
 [0.         0.00724638 0.26811594 ... 0.19927536 0.01086957 0.        ]
 [0.01433692 0.08960573 0.15053763 ... 0.25806452 0.05017921 0.        ]]
Training Phase 5

        ### Training Decision Tree Classifier ### 

[7 6 6 7 6 6 6 6 7 7 5 6 7 7 6 6 6 6 6 6 6 7 6 7 6 7 6 6 6 6 6 7 6 6 6 6 6
 6 6 6 6 7 6 6 5 7 6 6 6 6 6 6 6 6 6 6 6 6 6 7 7 6 5 7 6 5 6 7 7 7 7 7 7 7
 7 7 6 7 6 7 5 5 6 6 6 6 6 6 6 6 6 6 7 6 6 6 6 7 6 6 6 6 6 6 6 6 6 6 6 7 6
 6 6 6 7 6 6 6 6 6 6 6 7 6 7 6 7 5 6 5 5 6 6 6 7 5 5 5 6 6 5 6 6 6 6 6 6 6
 6 6 6 6 6 6 5 5 6 6 6 6 6 6 5 5 6 6 6 6 6 6 6 6 6 5 5 7 5 5 6 6 5 6 6 6 6
 6 7 6 6 7 7 6 6 7 7 7 7 6 6 6 6 6 6 6 6 6 6 6 6 6 6 6 6 6 6 6 6 6 6 6 6 6
 6 6 6 6 6 6 6 5 7 6 6 5 6 6 6 6 6 6 6 6 6 6 5 5 6 6 7 7 7 6 7 6 6 6 6 6 6
 7 6 6 6 6 7 6 6 6 7 6 6 6 7 6 6 6 6 6 6 6 6 7 6 7 6 6 6 6 7 6 6 6 6 6 5 6
 6 6 6 6 6 7 6 6 6 6 6 6 5 6 6 5 7 6 6 6 6 6 6 6 7 6 7 7 6 6 6 6 6 6 6 6 6
 6 6 6 5 5 7 7 6 7 6 6 6 7 7 6 6 6 6 6 6 6 6 6 6 6 6 5 6 6 6 6 6 6 6 6 6 6
 6 6 6 6 6 6 6 6 6 6 6 6 6 6 7 6 6 6 7 6 6 6 7 7 6 6 6 5 7 6 6 6 6 6 7 7 6
 6 6 6 6 6 6 6 6 6 6 6 6 6 5 6 6 7 6 6 6 6 7 6 6 6 7 7 6 6 7 6 6 6 6 7 7 7
 6 6 6 6 6 6 6 5 5 6 6 6 6 5 7 5 5 6 6 7 7 6 6 6 7 6 6 6 6 6 6 6 6 6 6 6 6
 6 6 6 6 6 6 7 6 6 7 6 6 6 6 6 6 6 6 6 6 6 6 6 6 6 6 6 6 6 6 6 6 6 6 6 6 6
 6 6 5 5 7 5 5 6 6 7 6 6 6 6 6 6 6 5 6 6 6 6 6 5 6 7 7 6 6 7 6 7 7 7 6 6 6
 6 7 7 6 6 5 6 6 6 5 5 6 5 7 7 7 6 6 6 6 7 6 7 6 6 6 6 6 6 6 5 6 7 6 7 5 7
 6 6 6 6 7 6 6 5 6 6 6 5 6 6 6 6 6 5 6 6 6 7 6 7 6 6 5 6 6 7 6 6 6 7 7 7 6
 6 6 6 6 6 7 6 6 7 6 6 6 7 6 6 6 7 6 6 6 6 5 6 6 7 7 6 6 6 6 7 6 6 7 6 6 6
 6 7 6 7 7 6 6 6 6 6 6 6 6 6 6 5 6 6 7 6 7 6 6 6 6 5 6 6 6 6 7 6 6 7 6 7 7
 7 6 6 6 6 6 6 6 6 7 6 6 6 6 6 7 6 6 7 7 6 6 7 6 6 7 6 5 5 7 6 6 6 6 6 6 7
 7 6 7 6 6 6 6 6 6 6 6 6 6 6 6 7 6 6 6 6 6 6 6 6 7 6 6 6 6 6 6 6 6 6 6 6 6
 6 6 6 6 6 6 6 7 6 6 6 6 6 7 6 6 6 6 6 5 5 6 6 5 6 6 6 6 6 6 7 6 6 5 6 6 6
 6 7 5 5 6 7 7 6 7 7 7 5 6 6 6 6 6 7 6 7 7 6 6 7 7 6 6 6 6 6 7 6 6 7 6 6 6
 6 6 6 6 6 6 6 7 6 7 6 6 6 6 6 7 7 7 6 6 7 6 6 6 6 7 7 7 6 6 7 7 6 6 6 6 6
 6 6 6 6 6 7 6 6 6 6 7 6 6 6 6 6 6 6 6 6 7 6 6 6 5 5 7 7 6 5 6 6 6 6 6 7 6
 6 5 7 7 6 6 6 6 6 6 6 6 6 6 6 6 6 6 7 7 6 7 7 6 7 5 6 6 6 7 5 5 7 5 5 6 6
 6 6 7 6 6 6 6 6 6 6 6 6 6 6 6 6 6]
[[0.         0.00380952 0.07047619 ... 0.43428571 0.08571429 0.00190476]
 [0.00552486 0.03383978 0.39502762 ... 0.09116022 0.02002762 0.        ]
 [0.         0.         0.06730769 ... 0.35576923 0.07211538 0.00961538]
 ...
 [0.         0.02008032 0.26104418 ... 0.20080321 0.01606426 0.        ]
 [0.01342282 0.06375839 0.16107383 ... 0.2852349  0.04362416 0.        ]
 [0.         0.         0.06730769 ... 0.35576923 0.07211538 0.00961538]]

 The Probablity of Confidence of the Classifier:        0.483


 ##### Classification Report on Training Data ##### 

              precision    recall  f1-score   support

           6       0.00      0.00      0.00        20
           5       0.00      0.00      0.00       163
           7       0.45      0.55      0.49      1457
           8       0.47      0.59      0.53      2198
           4       0.37      0.15      0.22       880
           3       0.00      0.00      0.00       175
           9       0.00      0.00      0.00         5

    accuracy                           0.46      4898
   macro avg       0.19      0.18      0.18      4898
weighted avg       0.41      0.46      0.42      4898


 Precision:     0.1850062249317406

 Recall:        0.18458624637397159

 F1-Score:      0.1763197865294043


 ******* The classifier's condidence score (0.483) is poor ******* 